15
Microflores_du_sol Lombrics Grenouille Mulot Renard Feuilles Lucane Lapin Cereales Merles_noir Glands Pinson_des_arbres Pie Ecureuil Chouette
0 0 0 0 0 0 0 0 0 0 0 0 0 0 0
0 0 70 0 0 0 0 0 0 0 0 0 0 0 0
0 0 0 0 0 0 0 0 0 0 0 0 0 0 30
0 0 0 0 8 0 0 0 0 0 0 0 0 0 50
0 0 0 0 0 0 0 0 0 0 0 0 0 0 0
50 40 0 0 0 0 0 0 0 0 0 0 0 0 0
0 0 5000 0 0 0 0 0 0 2400 0 0 0 0 0
0 0 0 0 5 0 0 0 0 0 0 0 0 0 20
0 0 0 10 0 0 0 15 0 0 0 0 0 0 0
0 0 0 0 0 0 0 0 0 0 0 0 0 0 3
0 0 0 0 0 0 0 0 0 0 0 10 15 25 0
0 0 0 0 0 0 0 0 0 0 0 0 0 0 3
0 0 0 0 0 0 0 0 0 0 0 0 0 0 4
0 0 0 0 0 0 0 0 0 0 0 0 0 0 2
0 0 0 0 0 0 0 0 0 0 0 0 0 0 0
0.1 1.02 1.16 1.15 1.3 1.1 1.2 1.1667 1.1 1.2083 1.1 1.2 1.2 1.1875 1.2
100000 5000 500 400 10 1000000 1000 300 500000 120 300000 100 50 80 10
