24
Acacia Herbe rouge Herbe étoilée Sauterelle Fourmi moissonneuse Termite Scarabée Lièvre Souris Topi Phacochère Mangouste Pangolin Oryctérope Gnou Gazelle de Thompson Impala Guépard Lion Hyène Chien sauvage Caracal Serval Aigle ravisseur Taux de croissance Population initiale
0 0 0 10 5 3 0 0 0 0 0 0 0 0 0 0 0 0 0 0 0 0 0 0
0 0 0 15 7 5 0 10 0 50 20 0 0 0 0 0 0 0 0 0 0 0 0 0
0 0 0 15 7 5 0 10 30 50 20 0 0 0 0 0 0 0 0 0 0 0 0 0
0 0 0 0 0 0 0 0 15 0 0 20 0 20 0 0 0 0 0 0 0 0 0 0
0 0 0 0 0 0 0 0 0 0 0 0 60 40 0 0 0 0 0 0 0 0 0 0
0 0 0 0 0 0 0 0 0 0 0 0 100 50 0 0 0 0 0 0 0 0 0 0
0 0 0 0 0 0 0 0 0 0 0 10 50 0 0 0 0 0 0 0 0 0 0 0
0 0 0 0 0 0 0 0 0 0 0 0 0 0 0 0 0 5 0 0 0 6 8 2
0 0 0 0 0 0 0 0 0 0 0 8 0 0 0 0 0 0 0 0 0 10 12 4
0 0 0 0 0 0 0 0 0 0 0 0 0 0 0 0 0 0 0 0 0 0 0 3
0 0 0 0 0 0 0 0 0 0 0 0 0 0 0 0 0 0 2 2 0 0 0 0
0 0 0 0 0 0 0 0 0 0 0 0 0 0 0 0 0 0 0 0 3 0 0 2
0 0 0 0 0 0 0 0 0 0 0 0 0 0 0 0 0 0 1 1 0 2 3 0
0 0 0 0 0 0 0 0 0 0 0 0 0 0 0 0 0 0 1 0 0 0 0 0
0 0 0 0 0 0 0 0 0 0 0 0 0 0 0 0 0 2 2 5 4 0 0 0
0 0 0 0 0 0 0 0 0 0 0 0 0 0 0 0 0 3 3 6 5 0 0 5
0 0 0 0 0 0 0 0 0 0 0 0 0 0 0 0 0 2 3 4 4 0 0 0
0 0 0 0 0 0 0 0 0 0 0 0 0 0 0 0 0 0 0 0 0 0 0 0
0 0 0 0 0 0 0 0 0 0 0 0 0 0 0 0 0 0 0 0 0 0 0 0
0 0 0 0 0 0 0 0 0 0 0 0 0 0 0 0 0 0 0 0 0 0 0 0
0 0 0 0 0 0 0 0 0 0 0 0 0 0 0 0 0 0 0 0 0 0 0 0
0 0 0 0 0 0 0 0 0 0 0 0 0 0 0 0 0 0 0 0 0 0 0 0
0 0 0 0 0 0 0 0 0 0 0 0 0 0 0 0 0 0 0 0 0 0 0 0
0 0 0 0 0 0 0 0 0 0 0 0 0 0 0 0 0 0 0 0 0 0 0 0
1.3 1.3 1.3 1.2 1.15 1.1 1.1 1.08 1.08 1.05 1.05 1.02 1.02 1.01 1.01 1.01 1.01 1.005 1.005 1.005 1.005 1.005
100000 80000 75000 50000 40000 30000 25000 20000 15000 12000 10000 8000 7000 6000 5000 4000 3000 2000 1500 1000 500 300
