24
Acacia Herbe_rouge Herbe_etoilee Sauterelle Fourmi_moissonneuse Termite Scarabee Lievre Souris Topi Phacochere Mangouste Pangolin Orycterope Gnou Gazelle_de_Thompson Impala Guepard Lion Hyene Chien_sauvage Caracal Serval Aigle_ravisseur
0 0 0 8 5 3 0 0 0 0 0 0 0 0 0 0 0 0 0 0 0 0 0 0
0 0 0 8 7 5 0 8 0 10 7 0 0 0 0 0 0 0 0 0 0 0 0 0
0 0 0 7 7 5 0 7 9 13 12 0 0 0 0 0 0 0 0 0 0 0 0 0
0 0 0 0 0 0 0 0 8 0 0 10 0 10 0 0 0 0 0 0 0 0 0 0
0 0 0 0 0 0 0 0 0 0 0 0 13 11 0 0 0 0 0 0 0 0 0 0
0 0 0 0 0 0 0 0 0 0 0 0 13 11 0 0 0 0 0 0 0 0 0 0
0 0 0 0 0 0 0 0 0 0 0 9 13 0 0 0 0 0 0 0 0 0 0 0
0 0 0 0 0 0 0 0 0 0 0 0 0 0 0 0 0 3 0 0 0 4 6 2
0 0 0 0 0 0 0 0 0 0 0 5 0 0 0 0 0 0 0 0 0 8 9 3
0 0 0 0 0 0 0 0 0 0 0 0 0 0 0 0 0 0 0 0 0 0 0 3
0 0 0 0 0 0 0 0 0 0 0 0 0 0 0 0 0 0 2 2 0 0 0 0
0 0 0 0 0 0 0 0 0 0 0 0 0 0 0 0 0 0 0 0 6 0 0 5
0 0 0 0 0 0 0 0 0 0 0 0 0 0 0 0 0 0 1 1 0 2 2 0
0 0 0 0 0 0 0 0 0 0 0 0 0 0 0 0 0 0 1 0 0 0 0 0
0 0 0 0 0 0 0 0 0 0 0 0 0 0 0 0 0 2 2 4 2 0 0 0
0 0 0 0 0 0 0 0 0 0 0 0 0 0 0 0 0 3 2 2 2 0 0 1
0 0 0 0 0 0 0 0 0 0 0 0 0 0 0 0 0 2 3 4 2 0 0 0
0 0 0 0 0 0 0 0 0 0 0 0 0 0 0 0 0 0 0 0 0 0 0 0
0 0 0 0 0 0 0 0 0 0 0 0 0 0 0 0 0 0 0 0 0 0 0 0
0 0 0 0 0 0 0 0 0 0 0 0 0 0 0 0 0 0 0 0 0 0 0 0
0 0 0 0 0 0 0 0 0 0 0 0 0 0 0 0 0 0 0 0 0 0 0 0
0 0 0 0 0 0 0 0 0 0 0 0 0 0 0 0 0 0 0 0 0 0 0 0
0 0 0 0 0 0 0 0 0 0 0 0 0 0 0 0 0 0 0 0 0 0 0 0
0 0 0 0 0 0 0 0 0 0 0 0 0 0 0 0 0 0 0 0 0 0 0 0
1.9 1.9 2 1.4 1.4 1.7 1.6 1.12 1.7 1.11 1.11 1.1 1.1 1.1 1.1 1.1 1.1 1.05 1.05 1.05 1.05 1.05 1.05 1.05
130000 190000 190000 7000 25000 10000 10000 360 500 290 300 100 170 20 190 180 180 7 4 6 5 4 5 5
